  0   0   0   0   0   0   0   0   0   0   0   0   0   0   0   0
  0 255 255 255   0   0   0   0   0 255 255 255   0   0   0   0
  0 255 255 255   0   0   0   0   0 255 255 255   0   0   0   0
  0 255 255 255   0   0   0   0   0 255 255 255   0   0   0   0
  0   0   0   0 255 255 255 255 255   0   0   0 255 255 255   0
  0   0   0   0 255 255 255 255 255   0   0   0 255 255 255   0
  0   0   0   0 255 255 255 255 255   0   0   0 255 255 255   0
  0   0   0   0   0   0   0 255 255 255 255 255   0   0   0   0
  0   0   0   0   0   0   0 255 255 255 255 255   0   0   0   0
  0   0   0   0 255 255 255 255 255 255 255 255 255 255 255   0
  0   0   0   0 255 255 255 255 255 255 255 255 255 255 255   0
  0   0   0   0 255 255 255 255 255 255 255 255 255 255 255   0
  0   0   0   0 255 255 255 255 255 255 255 255   0   0   0   0
  0   0   0   0 255 255 255 255 255 255 255 255   0   0   0   0
  0   0   0   0 255 255 255 255 255 255 255 255   0   0   0   0
  0   0   0   0   0   0   0   0   0   0   0   0   0   0   0   1
  0   0   0   1   0   0   0   0   0   0   0   0   0   0   0   0
  0 255 255 255   0   0   0   0   0 255 255 255   0   0   0   0
  0 255 255 255   0   0   0   0   0 255 255 255   0   0   0   0
  0 255 255 254   0   0   0   0   0 255 255 255   0   0   0   1
  0   0   0   0 255 255 255 255 255   0   0   0 255 255 255   0
  0   0   0   0 255 255 255 255 255   0   0   0 255 255 255   0
  0   0   0   0 255 255 255 254 255   0   0   0 255 255 255   0
  0   0   0   0   0   0   0 255 255 255 255 255   0   0   0   1
  0   0   0   0   0   0   0 255 255 255 255 255   0   0   0   0
  0   0   0   0 255 255 255 255 255 255 255 255 255 255 255   0
  0   0   0   0 255 255 255 255 255 255 255 255 255 255 255   0
  0   0   0   0 255 255 255 255 255 255 255 255 255 255 255   0
  0   0   0   0 255 255 255 255 255 255 255 255   0   0   0   0
  0   0   0   0 255 255 255 255 255 255 255 255   0   0   0   0
  0   0   0   0 255 255 255 254 255 255 255 255   0   0   0   0
  0   0   0   1   0   0   0   0   0   0   0   0   0   0   0   1
  0   0   0   0   0   0   0   1   0   0   0   0   0   0   0   0
  0 255 255 255   0   0   0   0   0 255 255 255   0   0   0   0
  0 255 255 255   0   0   0   0   0 255 255 255   0   0   0   0
  0 255 255 255   0   0   0   0   0 255 255 255   0   0   0   0
  0   0   0   0 255 255 255 255 255   0   0   0 255 255 255   0
  0   0   0   0 255 255 255 255 255   0   0   0 255 255 255   0
  0   0   0   0 255 255 255 255 255   0   0   0 255 255 255   0
  0   0   0   0   0   0   0 255 255 255 255 255   0   0   0   0
  0   0   0   0   0   0   0 255 255 255 255 255   0   0   0   0
  0   0   0   0 255 255 255 255 255 255 255 255 255 255 255   0
  0   0   0   0 255 255 255 255 255 255 255 255 255 255 255   0
  0   0   0   0 255 255 255 255 255 255 255 255 255 255 255   0
  0   0   0   0 255 255 255 255 255 255 255 255   0   0   0   0
  0   0   0   0 255 255 255 255 255 255 255 255   0   0   0   0
  0   0   0   0 255 255 255 254 255 255 255 255   0   0   0   0
  0   0   0   0   0   0   0   0   0   0   0   0   0   0   0   1

  0   0   0   6  21  25  14   2   2  14  25  21   6   0   0   0
  0   0   0  49 167 192 112  12  12 112 192 167  49   0   0   0
  0   0   0  64 219 251 147  15  15 147 251 219  64   0   0   0
  6  49  64  96 172 188 137  72  76 174 253 228 113  64  49   6
 21 167 219 172  61  37 112 208 221 240 255 250 228 219 167  21
 25 192 251 188  37   6 109 239 255 255 255 255 255 254 194  25
 14 112 147 137 112 109 169 245 255 255 255 255 255 254 194  25
  2  12  15  72 208 239 245 254 255 255 255 255 255 254 194  25
  0   0   0  65 219 255 248 240 240 248 255 255 255 254 194  25
  0   0   0  65 219 253 192 116 116 192 253 255 255 254 194  25
  0   0   0  65 219 252 149  18  18 149 252 255 255 254 194  25
  3  27  35  82 194 216 127  13  13 127 216 219 219 219 167  21
 18 144 189 158  82  64  37   4   4  37  64  65  65  64  49   6
 25 194 253 189  35   0   0   0   0   0   0   0   0   0   0   0
 19 148 194 144  27   0   0   0   0   0   0   0   0   0   0   0
  2  19  25  18   3   0   0   0   0   0   0   0   0   0   0   1
  0   0   0   7  21  25  14   3   2  14  25  21   6   0   0   0
  0   0   0  49 167 192 112  12  12 112 192 167  49   0   0   0
  0   0   0  64 219 251 147  15  15 147 251 219  64   0   0   0
  6  49  64  97 172 188 137  72  76 174 253 228 113  64  49   7
 21 167 219 172  61  37 112 208 221 240 255 250 228 219 167  21
 25 192 251 188  37   6 109 239 255 255 255 255 255 254 194  25
 14 112 147 137 112 109 169 245 255 255 255 255 255 254 194  25
  2  12  15  72 208 239 245 254 255 255 255 255 255 254 194  24
  0   0   0  65 219 255 248 240 240 248 255 255 255 254 194  25
  0   0   0  65 219 253 192 116 116 192 253 255 255 254 194  24
  0   0   0  65 219 252 149  18  18 149 252 255 255 254 194  25
  3  27  35  82 194 216 127  13  13 127 216 219 219 219 167  21
 18 144 189 158  82  64  37   4   4  37  64  65  65  64  49   6
 25 194 253 189  35   0   0   0   0   0   0   0   0   0   0   0
 19 148 194 144  27   0   0   1   0   0   0   0   0   0   0   0
  2  19  25  18   3   0   0   0   0   0   0   0   0   0   0   1
  0   0   0   6  21  25  14   3   2  14  25  21   6   0   0   0
  0   0   0  49 167 192 112  12  12 112 192 167  49   0   0   0
  0   0   0  64 219 251 147  15  15 147 251 219  64   0   0   0
  6  49  64  96 172 188 137  72  76 174 253 228 113  64  49   7
 21 167 219 172  61  37 112 208 221 240 255 250 228 219 167  21
 25 192 251 188  37   6 109 239 255 255 255 255 255 254 194  25
 14 112 147 137 112 109 169 245 255 255 255 255 255 254 194  25
  2  12  15  72 208 239 245 254 255 255 255 255 255 254 194  24
  0   0   0  65 219 255 248 240 240 248 255 255 255 254 194  25
  0   0   0  65 219 253 192 116 116 192 253 255 255 254 194  24
  0   0   0  65 219 252 149  18  18 149 252 255 255 254 194  25
  3  27  35  82 194 216 127  13  13 127 216 219 219 219 167  21
 18 144 189 158  82  64  37   4   4  37  64  65  65  64  49   6
 25 194 253 189  35   0   0   0   0   0   0   0   0   0   0   0
 19 148 194 144  27   0   0   1   0   0   0   0   0   0   0   0
  2  19  25  18   3   0   0   0   0   0   0   0   0   0   0   1

  0   0   0   6  21  25  25  25  25  25  25  21   6   0   0   0
  0   0   0  49 167 194 194 194 194 194 194 167  49   0   0   0
  0   0   0  64 219 254 254 254 254 254 254 219  64   0   0   0
  6  49  64 113 228 255 255 255 255 255 255 219  65   0   0   0
 21 167 219 228 250 255 255 255 255 255 255 219  65   0   0   0
 25 192 251 253 255 255 255 255 255 253 252 216  64   0   0   0
 14 112 147 174 240 255 255 255 248 192 149 127  37   0   0   0
  2  12  15  76 221 255 255 255 240 116  18  13   4   0   0   0
  2  12  15  72 208 239 245 254 240 116  18  13   4   0   0   0
 14 112 147 137 112 109 169 245 248 192 149 127  37   0   0   0
 25 192 251 188  37   6 109 239 255 253 252 216  64   0   0   0
 21 167 219 172  61  37 112 208 219 219 219 194  82  35  27   3
  6  49  64  96 172 188 137  72  65  65  65  82 158 189 144  18
  0   0   0  64 219 251 147  15   0   0   0  35 189 253 194  25
  0   0   0  49 167 192 112  12   0   0   0  27 144 194 148  19
  0   0   0   6  21  25  14   2   0   0   0   3  18  25  19   3
  0   0   0   7  21  25  25  24  25  25  25  21   6   0   0   0
  0   0   0  49 167 194 194 194 194 194 194 167  49   0   0   0
  0   0   0  64 219 254 254 254 254 254 254 219  64   0   0   0
  6  49  64 112 228 255 255 255 255 255 255 219  65   0   0   1
 21 167 219 228 250 255 255 255 255 255 255 219  65   0   0   0
 25 192 251 253 255 255 255 255 255 253 252 216  64   0   0   0
 14 112 147 174 240 255 255 255 248 192 149 127  37   0   0   0
  2  12  15  76 221 255 255 255 240 116  18  13   4   0   0   1
  2  12  15  72 208 239 245 254 240 116  18  13   4   0   0   0
 14 112 147 137 112 109 169 245 248 192 149 127  37   0   0   1
 25 192 251 188  37   6 109 239 255 253 252 216  64   0   0   0
 21 167 219 172  61  37 112 208 219 219 219 194  82  35  27   3
  6  49  64  96 172 188 137  72  65  65  65  82 158 189 144  18
  0   0   0  64 219 251 147  15   0   0   0  35 189 253 194  25
  0   0   0  49 167 192 112  13   0   0   0  27 144 194 148  19
  0   0   0   6  21  25  14   2   0   0   0   3  18  25  19   3
  0   0   0   6  21  25  25  24  25  25  25  21   6   0   0   0
  0   0   0  49 167 194 194 194 194 194 194 167  49   0   0   0
  0   0   0  64 219 254 254 254 254 254 254 219  64   0   0   0
  6  49  64 113 228 255 255 255 255 255 255 219  65   0   0   1
 21 167 219 228 250 255 255 255 255 255 255 219  65   0   0   0
 25 192 251 253 255 255 255 255 255 253 252 216  64   0   0   0
 14 112 147 174 240 255 255 255 248 192 149 127  37   0   0   0
  2  12  15  76 221 255 255 255 240 116  18  13   4   0   0   1
  2  12  15  72 208 239 245 254 240 116  18  13   4   0   0   0
 14 112 147 137 112 109 169 245 248 192 149 127  37   0   0   1
 25 192 251 188  37   6 109 239 255 253 252 216  64   0   0   0
 21 167 219 172  61  37 112 208 219 219 219 194  82  35  27   3
  6  49  64  96 172 188 137  72  65  65  65  82 158 189 144  18
  0   0   0  64 219 251 147  15   0   0   0  35 189 253 194  25
  0   0   0  49 167 192 112  13   0   0   0  27 144 194 148  19
  0   0   0   6  21  25  14   2   0   0   0   3  18  25  19   3

  0   0   0   0   0   0   0   0   0   0   0   3  18  25  19   2
  0   0   0   0   0   0   0   0   0   0   0  27 144 194 148  19
  0   0   0   0   0   0   0   0   0   0   0  35 189 253 194  25
  6  49  64  65  65  64  37   4   4  37  64  82 158 189 144  18
 21 167 219 219 219 216 127  13  13 127 216 194  82  35  27   3
 25 194 254 255 255 252 149  18  18 149 252 219  65   0   0   0
 25 194 254 255 255 253 192 116 116 192 253 219  65   0   0   0
 25 194 254 255 255 255 248 240 240 248 255 219  65   0   0   0
 25 194 254 255 255 255 255 255 254 245 239 208  72  15  12   2
 25 194 254 255 255 255 255 255 245 169 109 112 137 147 112  14
 25 194 254 255 255 255 255 255 239 109   6  37 188 251 192  25
 21 167 219 228 250 255 240 221 208 112  37  61 172 219 167  21
  6  49  64 113 228 253 174  76  72 137 188 172  96  64  49   6
  0   0   0  64 219 251 147  15  15 147 251 219  64   0   0   0
  0   0   0  49 167 192 112  12  12 112 192 167  49   0   0   0
  0   0   0   6  21  25  14   2   2  14  25  21   6   0   0   1
  0   0   0   1   0   0   0   1   0   0   0   3  18  25  19   2
  0   0   0   0   0   0   0   0   0   0   0  27 144 194 148  19
  0   0   0   0   0   0   0   0   0   0   0  35 189 253 194  25
  6  49  64  64  65  64  37   4   4  37  64  82 158 189 144  19
 21 167 219 219 219 216 127  13  13 127 216 194  82  35  27   3
 25 194 254 255 255 252 149  18  18 149 252 219  65   0   0   0
 25 194 254 255 255 253 192 116 116 192 253 219  65   0   0   0
 25 194 254 255 255 255 248 240 240 248 255 219  65   0   0   1
 25 194 254 255 255 255 255 255 254 245 239 208  72  15  12   2
 25 194 254 255 255 255 255 255 245 169 109 112 137 147 112  15
 25 194 254 255 255 255 255 255 239 109   6  37 188 251 192  25
 21 167 219 228 250 255 240 221 208 112  37  61 172 219 167  21
  6  49  64 113 228 253 174  76  72 137 188 172  96  64  49   6
  0   0   0  64 219 251 147  15  15 147 251 219  64   0   0   0
  0   0   0  49 167 192 112  13  12 112 192 167  49   0   0   0
  0   0   0   6  21  25  14   2   2  14  25  21   6   0   0   1
  0   0   0   0   0   0   0   1   0   0   0   3  18  25  19   2
  0   0   0   0   0   0   0   0   0   0   0  27 144 194 148  19
  0   0   0   0   0   0   0   0   0   0   0  35 189 253 194  25
  6  49  64  65  65  64  37   4   4  37  64  82 158 189 144  19
 21 167 219 219 219 216 127  13  13 127 216 194  82  35  27   3
 25 194 254 255 255 252 149  18  18 149 252 219  65   0   0   0
 25 194 254 255 255 253 192 116 116 192 253 219  65   0   0   0
 25 194 254 255 255 255 248 240 240 248 255 219  65   0   0   1
 25 194 254 255 255 255 255 255 254 245 239 208  72  15  12   2
 25 194 254 255 255 255 255 255 245 169 109 112 137 147 112  15
 25 194 254 255 255 255 255 255 239 109   6  37 188 251 192  25
 21 167 219 228 250 255 240 221 208 112  37  61 172 219 167  21
  6  49  64 113 228 253 174  76  72 137 188 172  96  64  49   6
  0   0   0  64 219 251 147  15  15 147 251 219  64   0   0   0
  0   0   0  49 167 192 112  13  12 112 192 167  49   0   0   0
  0   0   0   6  21  25  14   2   2  14  25  21   6   0   0   1
